-0.172331
0.091988
0.034865
0.026530
0.033491
-0.047513
0.032467
-0.047332
0.165010
-0.030257
0.179784
-0.129936
-0.202766
-0.098372
0.021756
0.107915
-0.144582
-0.169226
-0.042660
-0.151581
-0.031061
-0.077208
-0.057835
0.132959
-0.108622
-0.304578
-0.047464
-0.200176
0.016382
-0.096780
0.031178
0.045565
-0.211937
-0.076796
-0.065190
0.066198
0.057956
0.012798
0.175695
-0.062945
-0.074979
-0.049862
-0.020350
0.308503
0.155496
0.054429
-0.040744
0.061777
0.094296
-0.237266
0.045747
0.162460
0.123133
0.032855
0.040486
-0.069977
-0.009742
0.046142
-0.181712
0.083806
0.051738
-0.033491
-0.054083
-0.044586
0.274551
0.102975
-0.088872
-0.074497
0.217817
-0.128461
-0.028988
0.019972
-0.095396
-0.160038
-0.257259
0.166200
0.360522
0.123865
-0.161911
0.075045
-0.125742
0.014474
0.040248
-0.024304
-0.086650
-0.029274
-0.089060
0.036392
0.153655
0.061298
-0.075088
0.111249
-0.091653
-0.031986
0.019448
0.000547
-0.014326
0.017901
-0.120790
0.026015
0.132376
-0.037535
-0.013242
0.074049
-0.169641
0.094477
0.005204
0.003800
-0.017977
0.120956
-0.176763
0.004761
0.194823
-0.247387
0.233587
0.115354
-0.004388
0.101503
0.026643
0.060288
0.016346
-0.025717
-0.159422
-0.122494
0.107410
0.001490
0.045485
0.078008
