-0.226313
0.125151
0.077542
-0.016073
-0.078069
-0.079952
-0.007094
-0.071164
0.180265
-0.041679
0.172867
-0.025004
-0.165189
-0.108854
-0.035213
0.100249
-0.095704
-0.148334
-0.100738
-0.056610
-0.018916
0.002189
0.029200
0.077802
-0.155542
-0.281429
-0.026235
-0.115345
-0.069258
-0.114760
-0.061575
0.101983
-0.155249
-0.097534
-0.010758
0.092031
0.054674
0.036437
0.122672
0.003998
-0.211343
-0.069438
0.054555
0.313214
0.195074
0.031140
-0.004194
-0.045757
0.178286
-0.243014
0.095889
0.084300
0.116707
-0.026203
0.151361
-0.104125
-0.010767
0.094380
-0.129436
0.092192
0.046853
-0.017744
-0.042531
-0.087527
0.208493
0.117084
-0.106576
-0.049073
0.112396
-0.111480
-0.029796
0.167679
-0.068611
-0.194956
-0.294304
0.057531
0.479721
0.139708
-0.166205
-0.038186
-0.089354
-0.066750
0.035727
0.051917
-0.177713
0.078695
-0.107628
0.024989
0.242336
0.094461
-0.082980
0.188233
0.004057
-0.017047
0.013705
0.035071
-0.058911
-0.031176
-0.130593
-0.058696
0.092066
-0.131028
-0.054422
0.062227
-0.205788
0.066217
0.012094
0.024570
-0.047687
0.032723
-0.098682
0.009095
0.131945
-0.223642
0.106746
0.101322
0.045695
0.119146
0.035675
0.004400
-0.000638
-0.031534
0.002845
-0.080709
0.136010
-0.060998
0.152896
0.042757
